# unix_time, cycles_done, cur_path, paths_total, pending_total, pending_favs, map_size, unique_crashes, unique_hangs, max_depth, execs_per_sec
1683898110, 0, 0, 1, 1, 0, 0.08%, 0, 0, 1, 1.94
1683898142, 0, 0, 2, 2, 0, 0.08%, 0, 0, 2, 2.66
1683898173, 0, 0, 3, 3, 0, 0.08%, 0, 0, 2, 2.82
1683898209, 0, 0, 4, 4, 0, 0.08%, 0, 0, 2, 2.40
1683898256, 0, 0, 5, 5, 0, 0.08%, 0, 0, 2, 2.40
1683898266, 0, 0, 6, 6, 0, 0.08%, 0, 0, 2, 2.39
1683898374, 0, 0, 7, 7, 0, 0.08%, 0, 0, 2, 2.36
1683898554, 0, 0, 8, 8, 0, 0.08%, 0, 0, 2, 2.39
1683898611, 0, 0, 9, 9, 0, 0.08%, 0, 0, 2, 2.40
1683898663, 0, 0, 10, 10, 0, 0.09%, 0, 0, 2, 2.38
