# unix_time, cycles_done, cur_path, paths_total, pending_total, pending_favs, map_size, unique_crashes, unique_hangs, max_depth, execs_per_sec
1683899311, 0, 0, 1, 1, 0, 0.08%, 0, 0, 1, 1.92
1683899342, 0, 0, 2, 2, 0, 0.08%, 0, 0, 2, 2.68
1683899373, 0, 0, 3, 3, 0, 0.08%, 0, 0, 2, 2.84
1683899409, 0, 0, 4, 4, 0, 0.08%, 0, 0, 2, 2.42
1683899456, 0, 0, 5, 5, 0, 0.08%, 0, 0, 2, 2.40
1683899462, 0, 0, 6, 6, 0, 0.08%, 0, 0, 2, 2.41
1683899571, 0, 0, 7, 7, 0, 0.08%, 0, 0, 2, 2.41
1683899753, 0, 0, 8, 8, 0, 0.08%, 0, 0, 2, 2.40
1683899810, 0, 0, 9, 9, 0, 0.08%, 0, 0, 2, 2.29
1683899862, 0, 0, 10, 10, 0, 0.09%, 0, 0, 2, 2.38
