# unix_time, cycles_done, cur_path, paths_total, pending_total, pending_favs, map_size, unique_crashes, unique_hangs, max_depth, execs_per_sec
1683890310, 0, 0, 1, 1, 0, 0.08%, 0, 0, 1, 1.89
1683890341, 0, 0, 2, 2, 0, 0.08%, 0, 0, 2, 2.68
1683890372, 0, 0, 3, 3, 0, 0.08%, 0, 0, 2, 2.77
1683890408, 0, 0, 4, 4, 0, 0.08%, 0, 0, 2, 2.39
1683890455, 0, 0, 5, 5, 0, 0.08%, 0, 0, 2, 2.40
1683890465, 0, 0, 6, 6, 0, 0.08%, 0, 0, 2, 2.34
1683890574, 0, 0, 7, 7, 0, 0.08%, 0, 0, 2, 2.42
1683890751, 0, 0, 8, 8, 0, 0.08%, 0, 0, 2, 2.41
1683890809, 0, 0, 9, 9, 0, 0.08%, 0, 0, 2, 2.39
1683890865, 0, 0, 10, 10, 0, 0.09%, 0, 0, 2, 2.27
