# unix_time, cycles_done, cur_path, paths_total, pending_total, pending_favs, map_size, unique_crashes, unique_hangs, max_depth, execs_per_sec
1683901711, 0, 0, 1, 1, 0, 0.08%, 0, 0, 1, 1.94
1683901742, 0, 0, 2, 2, 0, 0.08%, 0, 0, 2, 2.68
1683901773, 0, 0, 3, 3, 0, 0.08%, 0, 0, 2, 2.77
1683901809, 0, 0, 4, 4, 0, 0.08%, 0, 0, 2, 2.41
1683901856, 0, 0, 5, 5, 0, 0.08%, 0, 0, 2, 2.39
1683901867, 0, 0, 6, 6, 0, 0.08%, 0, 0, 2, 2.33
1683901975, 0, 0, 7, 7, 0, 0.08%, 0, 0, 2, 2.31
1683902162, 0, 0, 8, 8, 0, 0.08%, 0, 0, 2, 2.35
1683902224, 0, 0, 9, 9, 0, 0.08%, 0, 0, 2, 2.26
1683902281, 0, 0, 10, 10, 0, 0.09%, 0, 0, 2, 2.37
