# unix_time, cycles_done, cur_path, paths_total, pending_total, pending_favs, map_size, unique_crashes, unique_hangs, max_depth, execs_per_sec
1683907111, 0, 0, 1, 1, 0, 0.08%, 0, 0, 1, 1.86
1683907143, 0, 0, 2, 2, 0, 0.08%, 0, 0, 2, 2.52
1683907175, 0, 0, 3, 3, 0, 0.08%, 0, 0, 2, 2.49
1683907211, 0, 0, 4, 4, 0, 0.08%, 0, 0, 2, 2.37
1683907263, 0, 0, 5, 5, 0, 0.08%, 0, 0, 2, 2.31
1683907273, 0, 0, 6, 6, 0, 0.08%, 0, 0, 2, 2.27
1683907388, 0, 0, 7, 7, 0, 0.08%, 0, 0, 2, 2.22
1683907576, 0, 0, 8, 8, 0, 0.08%, 0, 0, 2, 2.27
1683907639, 0, 0, 9, 9, 0, 0.08%, 0, 0, 2, 2.35
1683907691, 0, 0, 10, 10, 0, 0.09%, 0, 0, 2, 2.34
