# unix_time, cycles_done, cur_path, paths_total, pending_total, pending_favs, map_size, unique_crashes, unique_hangs, max_depth, execs_per_sec
1683895110, 0, 0, 1, 1, 0, 0.08%, 0, 0, 1, 1.93
1683895142, 0, 0, 2, 2, 0, 0.08%, 0, 0, 2, 2.71
1683895172, 0, 0, 3, 3, 0, 0.08%, 0, 0, 2, 2.78
1683895208, 0, 0, 4, 4, 0, 0.08%, 0, 0, 2, 2.41
1683895259, 0, 0, 5, 5, 0, 0.08%, 0, 0, 2, 2.38
1683895264, 0, 0, 6, 6, 0, 0.08%, 0, 0, 2, 2.39
1683895372, 0, 0, 7, 7, 0, 0.08%, 0, 0, 2, 2.41
1683895552, 0, 0, 8, 8, 0, 0.08%, 0, 0, 2, 2.41
1683895612, 0, 0, 9, 9, 0, 0.08%, 0, 0, 2, 2.38
1683895663, 0, 0, 10, 10, 0, 0.09%, 0, 0, 2, 2.35
