# unix_time, cycles_done, cur_path, paths_total, pending_total, pending_favs, map_size, unique_crashes, unique_hangs, max_depth, execs_per_sec
1683903511, 0, 0, 1, 1, 0, 0.08%, 0, 0, 1, 1.93
1683903547, 0, 0, 2, 2, 0, 0.08%, 0, 0, 2, 2.74
1683903578, 0, 0, 3, 3, 0, 0.08%, 0, 0, 2, 2.85
1683903614, 0, 0, 4, 4, 0, 0.08%, 0, 0, 2, 2.40
1683903665, 0, 0, 5, 5, 0, 0.08%, 0, 0, 2, 2.36
1683903670, 0, 0, 6, 6, 0, 0.08%, 0, 0, 2, 2.35
1683903783, 0, 0, 7, 7, 0, 0.08%, 0, 0, 2, 2.39
1683903967, 0, 0, 8, 8, 0, 0.08%, 0, 0, 2, 2.39
1683904024, 0, 0, 9, 9, 0, 0.08%, 0, 0, 2, 2.38
1683904074, 0, 0, 10, 10, 0, 0.09%, 0, 0, 2, 2.36
