# unix_time, cycles_done, cur_path, paths_total, pending_total, pending_favs, map_size, unique_crashes, unique_hangs, max_depth, execs_per_sec
1683891511, 0, 0, 1, 1, 0, 0.08%, 0, 0, 1, 1.76
1683891542, 0, 0, 2, 2, 0, 0.08%, 0, 0, 2, 2.68
1683891573, 0, 0, 3, 3, 0, 0.08%, 0, 0, 2, 2.80
1683891610, 0, 0, 4, 4, 0, 0.08%, 0, 0, 2, 2.43
1683891656, 0, 0, 5, 5, 0, 0.08%, 0, 0, 2, 2.39
1683891662, 0, 0, 6, 6, 0, 0.08%, 0, 0, 2, 2.41
1683891771, 0, 0, 7, 7, 0, 0.08%, 0, 0, 2, 2.43
1683891954, 0, 0, 8, 8, 0, 0.08%, 0, 0, 2, 2.35
1683892011, 0, 0, 9, 9, 0, 0.08%, 0, 0, 2, 2.36
1683892063, 0, 0, 10, 10, 0, 0.09%, 0, 0, 2, 2.40
