# unix_time, cycles_done, cur_path, paths_total, pending_total, pending_favs, map_size, unique_crashes, unique_hangs, max_depth, execs_per_sec
1683893310, 0, 0, 1, 1, 0, 0.08%, 0, 0, 1, 1.92
1683893342, 0, 0, 2, 2, 0, 0.08%, 0, 0, 2, 2.55
1683893372, 0, 0, 3, 3, 0, 0.08%, 0, 0, 2, 2.82
1683893409, 0, 0, 4, 4, 0, 0.08%, 0, 0, 2, 2.37
1683893461, 0, 0, 5, 5, 0, 0.08%, 0, 0, 2, 2.33
1683893466, 0, 0, 6, 6, 0, 0.08%, 0, 0, 2, 2.29
1683893575, 0, 0, 7, 7, 0, 0.08%, 0, 0, 2, 2.39
1683893760, 0, 0, 8, 8, 0, 0.08%, 0, 0, 2, 2.36
1683893818, 0, 0, 9, 9, 0, 0.08%, 0, 0, 2, 2.39
1683893869, 0, 0, 10, 10, 0, 0.09%, 0, 0, 2, 2.32
