# unix_time, cycles_done, cur_path, paths_total, pending_total, pending_favs, map_size, unique_crashes, unique_hangs, max_depth, execs_per_sec
1683890911, 0, 0, 1, 1, 0, 0.08%, 0, 0, 1, 1.91
1683890942, 0, 0, 2, 2, 0, 0.08%, 0, 0, 2, 2.64
1683890973, 0, 0, 3, 3, 0, 0.08%, 0, 0, 2, 2.67
1683891009, 0, 0, 4, 4, 0, 0.08%, 0, 0, 2, 2.42
1683891060, 0, 0, 5, 5, 0, 0.08%, 0, 0, 2, 2.38
1683891065, 0, 0, 6, 6, 0, 0.08%, 0, 0, 2, 2.39
1683891174, 0, 0, 7, 7, 0, 0.08%, 0, 0, 2, 2.35
1683891355, 0, 0, 8, 8, 0, 0.08%, 0, 0, 2, 2.38
1683891411, 0, 0, 9, 9, 0, 0.08%, 0, 0, 2, 2.39
1683891469, 0, 0, 10, 10, 0, 0.09%, 0, 0, 2, 2.35
