# unix_time, cycles_done, cur_path, paths_total, pending_total, pending_favs, map_size, unique_crashes, unique_hangs, max_depth, execs_per_sec
1683901111, 0, 0, 1, 1, 0, 0.08%, 0, 0, 1, 1.92
1683901142, 0, 0, 2, 2, 0, 0.08%, 0, 0, 2, 2.67
1683901173, 0, 0, 3, 3, 0, 0.08%, 0, 0, 2, 2.76
1683901209, 0, 0, 4, 4, 0, 0.08%, 0, 0, 2, 2.40
1683901261, 0, 0, 5, 5, 0, 0.08%, 0, 0, 2, 2.39
1683901266, 0, 0, 6, 6, 0, 0.08%, 0, 0, 2, 2.40
1683901373, 0, 0, 7, 7, 0, 0.08%, 0, 0, 2, 2.42
1683901554, 0, 0, 8, 8, 0, 0.08%, 0, 0, 2, 2.38
1683901610, 0, 0, 9, 9, 0, 0.08%, 0, 0, 2, 2.39
1683901666, 0, 0, 10, 10, 0, 0.09%, 0, 0, 2, 2.37
