# unix_time, cycles_done, cur_path, paths_total, pending_total, pending_favs, map_size, unique_crashes, unique_hangs, max_depth, execs_per_sec
1683907712, 0, 0, 1, 1, 0, 0.08%, 0, 0, 1, 1.81
1683907748, 0, 0, 2, 2, 0, 0.08%, 0, 0, 2, 2.70
1683907779, 0, 0, 3, 3, 0, 0.08%, 0, 0, 2, 2.83
1683907816, 0, 0, 4, 4, 0, 0.08%, 0, 0, 2, 2.29
1683907868, 0, 0, 5, 5, 0, 0.08%, 0, 0, 2, 2.32
1683907873, 0, 0, 6, 6, 0, 0.08%, 0, 0, 2, 2.34
1683907982, 0, 0, 7, 7, 0, 0.08%, 0, 0, 2, 2.34
1683908168, 0, 0, 8, 8, 0, 0.08%, 0, 0, 2, 2.32
1683908230, 0, 0, 9, 9, 0, 0.08%, 0, 0, 2, 2.34
1683908283, 0, 0, 10, 10, 0, 0.09%, 0, 0, 2, 2.30
