# unix_time, cycles_done, cur_path, paths_total, pending_total, pending_favs, map_size, unique_crashes, unique_hangs, max_depth, execs_per_sec
1683906511, 0, 0, 1, 1, 0, 0.08%, 0, 0, 1, 1.83
1683906543, 0, 0, 2, 2, 0, 0.08%, 0, 0, 2, 2.50
1683906574, 0, 0, 3, 3, 0, 0.08%, 0, 0, 2, 2.64
1683906611, 0, 0, 4, 4, 0, 0.08%, 0, 0, 2, 2.28
1683906662, 0, 0, 5, 5, 0, 0.08%, 0, 0, 2, 2.29
1683906673, 0, 0, 6, 6, 0, 0.08%, 0, 0, 2, 2.29
1683906781, 0, 0, 7, 7, 0, 0.08%, 0, 0, 2, 2.36
1683906973, 0, 0, 8, 8, 0, 0.08%, 0, 0, 2, 2.32
1683907030, 0, 0, 9, 9, 0, 0.08%, 0, 0, 2, 2.32
1683907087, 0, 0, 10, 10, 0, 0.09%, 0, 0, 2, 2.31
