# unix_time, cycles_done, cur_path, paths_total, pending_total, pending_favs, map_size, unique_crashes, unique_hangs, max_depth, execs_per_sec
1683900511, 0, 0, 1, 1, 0, 0.08%, 0, 0, 1, 1.94
1683900542, 0, 0, 2, 2, 0, 0.08%, 0, 0, 2, 2.64
1683900573, 0, 0, 3, 3, 0, 0.08%, 0, 0, 2, 2.72
1683900608, 0, 0, 4, 4, 0, 0.08%, 0, 0, 2, 2.40
1683900660, 0, 0, 5, 5, 0, 0.08%, 0, 0, 2, 2.40
1683900665, 0, 0, 6, 6, 0, 0.08%, 0, 0, 2, 2.36
1683900774, 0, 0, 7, 7, 0, 0.08%, 0, 0, 2, 2.34
1683900955, 0, 0, 8, 8, 0, 0.08%, 0, 0, 2, 2.40
1683901012, 0, 0, 9, 9, 0, 0.08%, 0, 0, 2, 2.41
1683901068, 0, 0, 10, 10, 0, 0.09%, 0, 0, 2, 2.40
