# unix_time, cycles_done, cur_path, paths_total, pending_total, pending_favs, map_size, unique_crashes, unique_hangs, max_depth, execs_per_sec
1683896911, 0, 0, 1, 1, 0, 0.08%, 0, 0, 1, 1.89
1683896942, 0, 0, 2, 2, 0, 0.08%, 0, 0, 2, 2.67
1683896973, 0, 0, 3, 3, 0, 0.08%, 0, 0, 2, 2.70
1683897009, 0, 0, 4, 4, 0, 0.08%, 0, 0, 2, 2.33
1683897060, 0, 0, 5, 5, 0, 0.08%, 0, 0, 2, 2.39
1683897065, 0, 0, 6, 6, 0, 0.08%, 0, 0, 2, 2.38
1683897174, 0, 0, 7, 7, 0, 0.08%, 0, 0, 2, 2.41
1683897355, 0, 0, 8, 8, 0, 0.08%, 0, 0, 2, 2.39
1683897411, 0, 0, 9, 9, 0, 0.08%, 0, 0, 2, 2.27
1683897468, 0, 0, 10, 10, 0, 0.09%, 0, 0, 2, 2.37
