# unix_time, cycles_done, cur_path, paths_total, pending_total, pending_favs, map_size, unique_crashes, unique_hangs, max_depth, execs_per_sec
1683896310, 0, 0, 1, 1, 0, 0.08%, 0, 0, 1, 1.94
1683896341, 0, 0, 2, 2, 0, 0.08%, 0, 0, 2, 2.71
1683896372, 0, 0, 3, 3, 0, 0.08%, 0, 0, 2, 2.77
1683896408, 0, 0, 4, 4, 0, 0.08%, 0, 0, 2, 2.42
1683896455, 0, 0, 5, 5, 0, 0.08%, 0, 0, 2, 2.41
1683896466, 0, 0, 6, 6, 0, 0.08%, 0, 0, 2, 2.38
1683896574, 0, 0, 7, 7, 0, 0.08%, 0, 0, 2, 2.37
1683896758, 0, 0, 8, 8, 0, 0.08%, 0, 0, 2, 2.24
1683896815, 0, 0, 9, 9, 0, 0.08%, 0, 0, 2, 2.23
1683896878, 0, 0, 10, 10, 0, 0.09%, 0, 0, 2, 2.24
