# unix_time, cycles_done, cur_path, paths_total, pending_total, pending_favs, map_size, unique_crashes, unique_hangs, max_depth, execs_per_sec
1683892711, 0, 0, 1, 1, 0, 0.08%, 0, 0, 1, 1.94
1683892742, 0, 0, 2, 2, 0, 0.08%, 0, 0, 2, 2.68
1683892773, 0, 0, 3, 3, 0, 0.08%, 0, 0, 2, 2.84
1683892809, 0, 0, 4, 4, 0, 0.08%, 0, 0, 2, 2.42
1683892856, 0, 0, 5, 5, 0, 0.08%, 0, 0, 2, 2.41
1683892861, 0, 0, 6, 6, 0, 0.08%, 0, 0, 2, 2.39
1683892970, 0, 0, 7, 7, 0, 0.08%, 0, 0, 2, 2.41
1683893156, 0, 0, 8, 8, 0, 0.08%, 0, 0, 2, 2.41
1683893214, 0, 0, 9, 9, 0, 0.08%, 0, 0, 2, 2.39
1683893266, 0, 0, 10, 10, 0, 0.09%, 0, 0, 2, 2.41
