# unix_time, cycles_done, cur_path, paths_total, pending_total, pending_favs, map_size, unique_crashes, unique_hangs, max_depth, execs_per_sec
1683897511, 0, 0, 1, 1, 0, 0.08%, 0, 0, 1, 1.92
1683897542, 0, 0, 2, 2, 0, 0.08%, 0, 0, 2, 2.69
1683897573, 0, 0, 3, 3, 0, 0.08%, 0, 0, 2, 2.63
1683897608, 0, 0, 4, 4, 0, 0.08%, 0, 0, 2, 2.40
1683897659, 0, 0, 5, 5, 0, 0.08%, 0, 0, 2, 2.39
1683897665, 0, 0, 6, 6, 0, 0.08%, 0, 0, 2, 2.38
1683897772, 0, 0, 7, 7, 0, 0.08%, 0, 0, 2, 2.40
1683897957, 0, 0, 8, 8, 0, 0.08%, 0, 0, 2, 2.39
1683898013, 0, 0, 9, 9, 0, 0.08%, 0, 0, 2, 2.38
1683898069, 0, 0, 10, 10, 0, 0.09%, 0, 0, 2, 2.38
