# unix_time, cycles_done, cur_path, paths_total, pending_total, pending_favs, map_size, unique_crashes, unique_hangs, max_depth, execs_per_sec
1683902911, 0, 0, 1, 1, 0, 0.08%, 0, 0, 1, 1.88
1683902942, 0, 0, 2, 2, 0, 0.08%, 0, 0, 2, 2.47
1683902972, 0, 0, 3, 3, 0, 0.08%, 0, 0, 2, 2.51
1683903008, 0, 0, 4, 4, 0, 0.08%, 0, 0, 2, 2.41
1683903060, 0, 0, 5, 5, 0, 0.08%, 0, 0, 2, 2.37
1683903065, 0, 0, 6, 6, 0, 0.08%, 0, 0, 2, 2.39
1683903173, 0, 0, 7, 7, 0, 0.08%, 0, 0, 2, 2.38
1683903358, 0, 0, 8, 8, 0, 0.08%, 0, 0, 2, 2.36
1683903426, 0, 0, 9, 9, 0, 0.08%, 0, 0, 2, 2.23
1683903483, 0, 0, 10, 10, 0, 0.09%, 0, 0, 2, 2.35
