# unix_time, cycles_done, cur_path, paths_total, pending_total, pending_favs, map_size, unique_crashes, unique_hangs, max_depth, execs_per_sec
1683905911, 0, 0, 1, 1, 0, 0.08%, 0, 0, 1, 1.87
1683905942, 0, 0, 2, 2, 0, 0.08%, 0, 0, 2, 2.38
1683905974, 0, 0, 3, 3, 0, 0.08%, 0, 0, 2, 2.51
1683906010, 0, 0, 4, 4, 0, 0.08%, 0, 0, 2, 2.32
1683906063, 0, 0, 5, 5, 0, 0.08%, 0, 0, 2, 2.35
1683906073, 0, 0, 6, 6, 0, 0.08%, 0, 0, 2, 2.35
1683906187, 0, 0, 7, 7, 0, 0.08%, 0, 0, 2, 2.30
1683906380, 0, 0, 8, 8, 0, 0.08%, 0, 0, 2, 2.27
1683906448, 0, 0, 9, 9, 0, 0.08%, 0, 0, 2, 2.35
