# unix_time, cycles_done, cur_path, paths_total, pending_total, pending_favs, map_size, unique_crashes, unique_hangs, max_depth, execs_per_sec
1683904711, 0, 0, 1, 1, 0, 0.08%, 0, 0, 1, 1.90
1683904747, 0, 0, 2, 2, 0, 0.08%, 0, 0, 2, 2.63
1683904773, 0, 0, 3, 3, 0, 0.08%, 0, 0, 2, 2.46
1683904815, 0, 0, 4, 4, 0, 0.08%, 0, 0, 2, 2.26
1683904867, 0, 0, 5, 5, 0, 0.08%, 0, 0, 2, 2.31
1683904877, 0, 0, 6, 6, 0, 0.08%, 0, 0, 2, 2.29
1683904986, 0, 0, 7, 7, 0, 0.08%, 0, 0, 2, 2.38
1683905174, 0, 0, 8, 8, 0, 0.08%, 0, 0, 2, 2.35
1683905236, 0, 0, 9, 9, 0, 0.08%, 0, 0, 2, 2.20
1683905294, 0, 0, 10, 10, 0, 0.09%, 0, 0, 2, 2.28
