# unix_time, cycles_done, cur_path, paths_total, pending_total, pending_favs, map_size, unique_crashes, unique_hangs, max_depth, execs_per_sec
1683905311, 0, 0, 1, 1, 0, 0.08%, 0, 0, 1, 1.83
1683905347, 0, 0, 2, 2, 0, 0.08%, 0, 0, 2, 2.59
1683905378, 0, 0, 3, 3, 0, 0.08%, 0, 0, 2, 2.79
1683905415, 0, 0, 4, 4, 0, 0.08%, 0, 0, 2, 2.34
1683905466, 0, 0, 5, 5, 0, 0.08%, 0, 0, 2, 2.37
1683905471, 0, 0, 6, 6, 0, 0.08%, 0, 0, 2, 2.39
1683905585, 0, 0, 7, 7, 0, 0.08%, 0, 0, 2, 2.30
1683905772, 0, 0, 8, 8, 0, 0.08%, 0, 0, 2, 2.32
1683905829, 0, 0, 9, 9, 0, 0.08%, 0, 0, 2, 2.29
1683905886, 0, 0, 10, 10, 0, 0.09%, 0, 0, 2, 2.36
