# unix_time, cycles_done, cur_path, paths_total, pending_total, pending_favs, map_size, unique_crashes, unique_hangs, max_depth, execs_per_sec
1683902311, 0, 0, 1, 1, 0, 0.08%, 0, 0, 1, 1.88
1683902342, 0, 0, 2, 2, 0, 0.08%, 0, 0, 2, 2.55
1683902372, 0, 0, 3, 3, 0, 0.08%, 0, 0, 2, 2.63
1683902409, 0, 0, 4, 4, 0, 0.08%, 0, 0, 2, 2.35
1683902467, 0, 0, 5, 5, 0, 0.08%, 0, 0, 2, 2.25
1683902472, 0, 0, 6, 6, 0, 0.08%, 0, 0, 2, 2.32
1683902581, 0, 0, 7, 7, 0, 0.08%, 0, 0, 2, 2.37
1683902765, 0, 0, 8, 8, 0, 0.08%, 0, 0, 2, 2.33
1683902827, 0, 0, 9, 9, 0, 0.08%, 0, 0, 2, 2.38
1683902878, 0, 0, 10, 10, 0, 0.09%, 0, 0, 2, 2.32
