# unix_time, cycles_done, cur_path, paths_total, pending_total, pending_favs, map_size, unique_crashes, unique_hangs, max_depth, execs_per_sec
1683899911, 0, 0, 1, 1, 0, 0.08%, 0, 0, 1, 1.94
1683899942, 0, 0, 2, 2, 0, 0.08%, 0, 0, 2, 2.76
1683899974, 0, 0, 3, 3, 0, 0.08%, 0, 0, 2, 2.89
1683900005, 0, 0, 4, 4, 0, 0.08%, 0, 0, 2, 2.43
1683900057, 0, 0, 5, 5, 0, 0.08%, 0, 0, 2, 2.36
1683900067, 0, 0, 6, 6, 0, 0.08%, 0, 0, 2, 2.38
1683900176, 0, 0, 7, 7, 0, 0.08%, 0, 0, 2, 2.37
1683900360, 0, 0, 8, 8, 0, 0.08%, 0, 0, 2, 2.35
1683900417, 0, 0, 9, 9, 0, 0.08%, 0, 0, 2, 2.34
1683900474, 0, 0, 10, 10, 0, 0.09%, 0, 0, 2, 2.36
