# unix_time, cycles_done, cur_path, paths_total, pending_total, pending_favs, map_size, unique_crashes, unique_hangs, max_depth, execs_per_sec
1683904111, 0, 0, 1, 1, 0, 0.08%, 0, 0, 1, 1.91
1683904142, 0, 0, 2, 2, 0, 0.08%, 0, 0, 2, 2.67
1683904173, 0, 0, 3, 3, 0, 0.08%, 0, 0, 2, 2.72
1683904208, 0, 0, 4, 4, 0, 0.08%, 0, 0, 2, 2.38
1683904260, 0, 0, 5, 5, 0, 0.08%, 0, 0, 2, 2.29
1683904265, 0, 0, 6, 6, 0, 0.08%, 0, 0, 2, 2.32
1683904379, 0, 0, 7, 7, 0, 0.08%, 0, 0, 2, 2.33
1683904573, 0, 0, 8, 8, 0, 0.08%, 0, 0, 2, 2.28
1683904635, 0, 0, 9, 9, 0, 0.08%, 0, 0, 2, 2.32
1683904687, 0, 0, 10, 10, 0, 0.09%, 0, 0, 2, 2.32
