# unix_time, cycles_done, cur_path, paths_total, pending_total, pending_favs, map_size, unique_crashes, unique_hangs, max_depth, execs_per_sec
1683893910, 0, 0, 1, 1, 0, 0.08%, 0, 0, 1, 1.94
1683893941, 0, 0, 2, 2, 0, 0.08%, 0, 0, 2, 2.68
1683893972, 0, 0, 3, 3, 0, 0.08%, 0, 0, 2, 2.82
1683894008, 0, 0, 4, 4, 0, 0.08%, 0, 0, 2, 2.42
1683894056, 0, 0, 5, 5, 0, 0.08%, 0, 0, 2, 2.40
1683894061, 0, 0, 6, 6, 0, 0.08%, 0, 0, 2, 2.41
1683894170, 0, 0, 7, 7, 0, 0.08%, 0, 0, 2, 2.41
1683894354, 0, 0, 8, 8, 0, 0.08%, 0, 0, 2, 2.41
1683894412, 0, 0, 9, 9, 0, 0.08%, 0, 0, 2, 2.43
1683894464, 0, 0, 10, 10, 0, 0.09%, 0, 0, 2, 2.39
