# unix_time, cycles_done, cur_path, paths_total, pending_total, pending_favs, map_size, unique_crashes, unique_hangs, max_depth, execs_per_sec
1683894511, 0, 0, 1, 1, 0, 0.08%, 0, 0, 1, 1.92
1683894542, 0, 0, 2, 2, 0, 0.08%, 0, 0, 2, 2.58
1683894573, 0, 0, 3, 3, 0, 0.08%, 0, 0, 2, 2.71
1683894609, 0, 0, 4, 4, 0, 0.08%, 0, 0, 2, 2.42
1683894661, 0, 0, 5, 5, 0, 0.08%, 0, 0, 2, 2.41
1683894666, 0, 0, 6, 6, 0, 0.08%, 0, 0, 2, 2.38
1683894774, 0, 0, 7, 7, 0, 0.08%, 0, 0, 2, 2.32
1683894961, 0, 0, 8, 8, 0, 0.08%, 0, 0, 2, 2.39
1683895013, 0, 0, 9, 9, 0, 0.08%, 0, 0, 2, 2.40
1683895071, 0, 0, 10, 10, 0, 0.09%, 0, 0, 2, 2.40
