# unix_time, cycles_done, cur_path, paths_total, pending_total, pending_favs, map_size, unique_crashes, unique_hangs, max_depth, execs_per_sec
1683898710, 0, 0, 1, 1, 0, 0.08%, 0, 0, 1, 1.95
1683898741, 0, 0, 2, 2, 0, 0.08%, 0, 0, 2, 2.67
1683898772, 0, 0, 3, 3, 0, 0.08%, 0, 0, 2, 2.70
1683898809, 0, 0, 4, 4, 0, 0.08%, 0, 0, 2, 2.40
1683898860, 0, 0, 5, 5, 0, 0.08%, 0, 0, 2, 2.41
1683898866, 0, 0, 6, 6, 0, 0.08%, 0, 0, 2, 2.41
1683898974, 0, 0, 7, 7, 0, 0.08%, 0, 0, 2, 2.35
1683899157, 0, 0, 8, 8, 0, 0.08%, 0, 0, 2, 2.41
1683899214, 0, 0, 9, 9, 0, 0.08%, 0, 0, 2, 2.34
1683899271, 0, 0, 10, 10, 0, 0.09%, 0, 0, 2, 2.38
